150,425
230,425
310,425
390,425
230,425
310,425
390,425
470,425
310,425
390,425
470,425
560,425
390,425
470,425
560,425
640,425
470,425
560,425
640,425
720,425
560,425
640,425
720,449
800,425
640,425
720,449
800,425
880,425
720,452
800,425
880,411
960,425
800,425
880,411
960,425
1040,425
880,411
960,425
1040,442
1120,425
960,425
1040,442
1120,425
1200,425
1040,437
1120,425
1200,402
1280,425
1120,425
1200,402
1280,432
1360,452
1200,369
1280,432
1360,450
1440,425
1280,437
1360,450
1440,425
1520,425
1360,446
1440,425
1520,433
1600,425
1440,425
1520,433
1600,425
1680,425
1520,414
1600,425
1680,409
1760,425
1600,425
1680,409
1760,425
1840,425
1680,414
1760,425
1840,425
1920,425
1760,425
1840,425
1920,437
2000,425
1840,425
1920,437
2000,425
2080,425
1920,445
2000,425
2080,425
2160,425
2000,425
2080,425
2160,405
2240,425
2080,425
2160,405
2240,428
2320,425
2160,414
2240,428
2320,425
2400,425
2240,435
2320,425
2400,425
2480,425
2320,425
2400,425
2480,440
2560,425
2400,425
2480,440
2560,440
2640,425
2480,435
2560,440
2640,425
2720,399
2560,439
2640,425
2720,405
2800,425
2640,425
2720,405
2800,412
2880,425
2720,412
2800,412
2880,425
2960,425
2800,425
2880,425
2960,425
3040,437
2880,425
2960,425
3040,436
3120,443
2960,425
3040,436
3120,442
3200,425
3040,438
3120,442
3200,425
3280,425
3120,444
3200,425
3280,425
3360,425
3200,425
3280,425
3360,425
3440,425
3280,425
3360,425
3440,420
3520,425
3360,425
3440,420
3520,425
3600,425
3440,418
3520,425
3600,430
3680,425
3520,425
3600,430
3680,425
3760,425
3600,436
3680,425
3760,425
3840,455
3680,425
3760,425
3840,441
3920,425
3760,425
3840,441
3920,425
4000,425
3840,443
3920,425
4000,429
4080,425
3920,425
4000,429
4080,425
4160,425
4000,439
4080,425
4160,435
4240,425
4080,425
4160,435
4240,425
4320,425
4160,429
4240,425
4320,430
4400,425
4240,425
4320,430
4400,425
4480,425
4320,425
4400,425
4480,425
4560,425
4400,425
4480,425
4560,434
4640,425
4480,425
4560,434
4640,425
4720,425
4560,438
4640,425
4720,425
4800,425
4640,425
4720,425
4800,438
4880,425
4720,425
4800,438
4880,425
4960,425
4800,438
4880,425
4960,425
5040,425
4880,425
4960,425
5040,425
5120,393
4960,425
5040,425
5120,394
5200,369
5040,429
5120,394
5200,365
5280,370
5120,394
5200,365
5280,351
5360,369
5200,362
5280,351
5360,359
5440,425
5280,362
5360,359
5440,394
5520,425
5360,347
5440,394
5520,418
5600,425
5440,408
5520,418
5600,425
5680,425
5520,416
5600,425
5680,425
5760,425
5600,425
5680,425
5760,425
5840,425
5680,425
5760,425
5840,425
5920,425
5760,425
5840,425
5920,425
6000,425
5840,425
5920,425
6000,425
6080,425
5920,425
6000,425
6080,425
6160,425
6000,425
6080,425
6160,425
6240,425
